2.533186389345266e+00 4.748926453304889e-01
1.699809077384629e-01 9.894619696194624e-01
2.940879094989440e-01 5.917413776834188e+00
3.035473816031095e-02 4.624254709832495e+00
1.101315564655052e+00 4.596428947320706e+00
1.171691249824214e+00 4.693374416392060e+00
1.598523752607603e+00 9.057210118437208e-01
1.205491432892042e+00 5.747724633767318e+00
2.997021077336655e+00 2.801766505869720e+00
2.723501203889354e+00 2.695834487784989e+00
2.661654103925989e+00 3.711646369866634e+00
3.705329159543840e-01 1.394646839264293e+00
5.449957379989365e-01 2.836413498138611e+00
1.460455783659425e+00 5.148248125644244e+00
7.285418596505573e-01 5.101170788084803e+00
1.802922418225946e+00 2.967602188885879e+00
2.005486988132039e-01 -1.074145725480912e-01
2.426312596417464e+00 5.459219317297181e+00
2.742719933185365e+00 3.523829059610925e+00
1.035271210917995e-01 2.798749194919604e+00
1.025506626868087e-01 2.667219481463835e-01
1.285853932742344e+00 5.828600871502004e+00
1.600867658054699e+00 2.407130333898439e+00
2.485656685793778e+00 6.484768496684364e-01
2.847287752725338e+00 3.618171563818507e+00
2.761474057498904e+00 3.823994028717881e+00
9.774304808114737e-01 4.179129647143594e+00
4.091103881915655e-01 1.674359108058455e+00
6.183342115543683e-01 5.137579027506247e+00
1.377957993554562e+00 2.812488947258224e-01
1.664876841444031e+00 3.231984149128771e+00
4.056376838070557e-01 5.876604944065549e+00
2.565163022001651e+00 3.828424441085688e+00
1.489754118591461e+00 2.721345963019881e-01
1.706836606479924e+00 9.356093413258502e-01
8.972949120849113e-01 3.959542333514115e+00
1.417801407747052e-01 4.604400231580952e+00
-7.936308140281129e-02 4.681493245225246e+00
1.682255841556658e+00 3.121090363098363e+00
2.117435027735604e+00 7.413619700024131e-01
2.324584536970208e+00 5.392571746815960e+00
2.567670258591414e+00 6.565443044696476e+00
1.178077934869040e+00 5.864935310671417e+00
1.878689523024023e-01 1.632153692344776e+00
2.207089449251466e+00 8.239947552015126e-01
3.036737213314421e+00 3.691078758808285e+00
2.656098246995803e-01 1.265601505167701e+00
2.824445348074272e+00 3.256621600834281e+00
1.009753949394254e+00 9.092807043951256e-01
8.976224558391439e-01 9.101612692015861e-01
1.769418853551197e+00 3.192381818465575e+00
2.980300138938357e-01 1.656900732646071e+00
2.596315265931509e+00 6.435821430138409e-01
1.700207324034442e+00 3.009967039657111e+00
1.022206941377390e+00 1.137161426946504e+00
1.212608225344075e+00 4.581029497204154e+00
3.051339156395256e+00 6.588340822042191e+00
2.305413687695614e+00 5.242884679060860e+00
2.127537032810944e-01 4.423301003845371e-01
1.226648682807933e+00 5.243750737826014e+00
1.097062892759607e+00 5.778716784805765e+00
9.866320398016519e-01 4.044287919754789e+00
2.930507190956111e+00 3.905235245863806e+00
3.096873101232308e+00 2.174602189899217e+00
2.427329030742862e+00 8.024601978440772e-01
2.979499104592277e+00 4.452152706181160e+00
1.069248955308115e+00 1.019207087320680e+00
1.262003904448866e+00 5.943292232915429e+00
1.562714120868621e+00 5.100362482431432e+00
6.495302719904514e-01 2.908089231114301e+00
1.626346842253084e+00 1.014383930243901e+00
1.272705537419174e+00 5.135931274440839e+00
1.315160022908103e-01 3.766343664300883e+00
2.775775804035006e+00 2.955678708157106e+00
2.101617442303081e+00 8.706215912494035e-01
1.160083359102102e+00 5.147196160984171e+00
2.644329290103763e+00 4.429285822550221e-01
1.561347493215234e+00 2.301953651233961e+00
1.490086859103496e+00 2.389166269337574e+00
3.073211107162418e+00 5.040709283567629e+00
2.936314594545628e+00 3.354342294767078e+00
3.512023330000064e-01 5.609605391856164e+00
2.664534013616548e+00 2.916771928992314e+00
1.426247012681561e+00 1.788729977240386e-01
1.787911259881628e+00 3.081438637938862e+00
6.593959062051696e-01 4.961782103208800e+00
2.561784385733548e+00 3.618314369552302e+00
9.574716393470164e-01 1.028607514844871e+00
2.886340619560176e+00 2.914926788924658e+00
1.537492037096321e+00 1.703851670219660e-01
2.538152701689100e+00 8.175089309440166e-01
2.470015142964038e+00 9.662389707861709e-01
8.837486963620821e-01 4.102550738714496e+00
5.684923551184129e-01 3.044002625320630e+00
2.412567645142954e+00 5.290488829159776e+00
2.219505754600686e+00 6.847394704277715e-01
1.600803639270712e+00 2.626349319337057e-01
1.553016911564946e+00 5.212041540917148e+00
2.648592060302772e+00 8.437794493172607e-01
1.115097732775494e+00 5.260409383016209e+00
